3.346190508913133272e+03 1.309938267506093068e-39 4.422136838557975125e+00
3.420380899849275920e+03 2.403081669254633104e-39 3.568914340707714850e+00
3.496216210311844861e+03 4.422910808554094591e-39 2.739970488790760772e+00
3.573732910795393764e+03 8.014352124172268579e-39 1.992177958853456277e+00
3.652968280403618792e+03 1.264254204849769918e-38 1.646137921056122222e+00
3.733960424777520529e+03 1.885168952079835226e-38 1.393282081512974280e+00
3.816748294421053743e+03 2.805510421505035495e-38 1.143345018537399893e+00
3.901371703433089806e+03 3.905433254131159206e-38 1.252947115296761504e+00
3.987871348654699432e+03 5.477101651180167157e-38 1.347170596185230718e+00
4.076288829240953419e+03 7.483387930302149766e-38 1.461171150643726158e+00
4.166666666666666060e+03 1.023679494272770576e-37 1.394901868395642675e+00
4.259048325175703212e+03 1.400714771040081752e-37 1.326438418280236453e+00
4.353478232683674833e+03 1.916944334463378744e-37 1.258076424312547958e+00
4.450001802144069188e+03 2.555213627549261376e-37 1.113407790563342159e+00
4.548665453388133756e+03 3.378830464315025743e-37 9.614988941550327572e-01
4.649516635448954730e+03 4.475094380553363644e-37 7.992468808048118767e-01
4.752603849380506290e+03 5.792358815832252848e-37 6.873174935030298416e-01
4.857976671582634481e+03 7.419343780326206238e-37 5.874177386998890027e-01
4.965685777643197071e+03 9.434750086350050545e-37 4.888652041594307995e-01
5.075782966708816275e+03 1.172021866968019263e-36 4.282780429585545945e-01
5.188321186395971381e+03 1.447290864016627931e-36 3.775302494648938301e-01
5.303354558254410222e+03 1.782375063378264529e-36 3.273665172698355663e-01
5.420938403795130398e+03 2.141032827834353690e-36 2.963047169552547322e-01
5.541129271095432159e+03 2.555451243831152949e-36 2.714055823840201831e-01
5.663984961993861361e+03 3.050320217930855517e-36 2.463708353053278011e-01
5.789564559888078293e+03 3.596570527199754401e-36 2.260967858904583405e-01
5.917928458149102880e+03 4.191956859311113050e-36 2.088533811415577146e-01
6.049138389165495028e+03 4.886426712837472433e-36 1.915185235425599930e-01
6.183257454031525413e+03 5.643807440364308126e-36 1.781193132877591512e-01
6.320350152893555787e+03 6.480314829070614654e-36 1.673261987224827219e-01
6.460482415969271642e+03 7.405534828833844351e-36 1.567443117265552022e-01
6.603721635254641114e+03 8.406328323654296300e-36 1.481510777457777928e-01
6.750136696933881467e+03 9.492341264113929793e-36 1.412326591213670657e-01
6.899798014507991866e+03 1.071894761519894120e-35 1.343532830071218209e-01
7.052777562657815906e+03 1.201266535329962635e-35 1.282343550435030011e-01
7.209148911857892017e+03 1.338243808138422553e-35 1.229493666694132098e-01
7.368987263757743676e+03 1.490897163827229761e-35 1.176894657006551520e-01
7.532369487347649738e+03 1.655384818709607282e-35 1.131681867239642675e-01
7.699374155926218009e+03 1.827385672339237526e-35 1.095636329119112073e-01
7.870081584887677309e+03 2.015526651502562454e-35 1.059174528581019320e-01
8.044573870346880540e+03 2.217515575606393825e-35 1.027347451592370564e-01
8.222934928620745268e+03 2.428892655098823339e-35 1.003614901373096890e-01
8.405250536585042937e+03 2.658116721898931438e-35 9.792752270738659670e-02
8.591608372925929871e+03 2.899811983240977164e-35 9.561478600871627098e-02
8.782098060306176194e+03 3.150000833678847301e-35 9.389309044465388165e-02
8.976811208466193420e+03 3.421834006598376302e-35 9.218432806184893857e-02
9.175841458280741790e+03 3.712546032086326143e-35 9.065154510249466557e-02
9.379284526792409451e+03 4.010175580339197268e-35 8.961377638753652286e-02
9.587238253243584040e+03 4.322149548439549987e-35 8.830061563195470975e-02
9.799802646129004643e+03 4.654848601734703241e-35 8.708196173442551979e-02
1.001707993129155875e+04 4.994124088018025696e-35 8.631608076596056223e-02
1.023917460108443083e+04 5.358245326978491769e-35 8.555175156900586553e-02
1.046619346462325848e+04 5.746611848459839422e-35 8.482661064735708134e-02
1.069824569915245775e+04 6.130241992383140013e-35 8.413940503618251576e-02
1.093544290255042870e+04 6.538229703025406677e-35 8.341859377324453706e-02
1.117789914699886322e+04 6.972509267106339691e-35 8.270933858719646536e-02
1.142573103384202295e+04 7.410317772406952305e-35 8.225888646093043599e-02
1.167905774966230092e+04 7.875946424809618239e-35 8.180700565689184856e-02
1.193800112359908962e+04 8.361949471925861085e-35 8.120365203632899653e-02
1.220268568593848795e+04 8.843778598944091991e-35 8.073448130117194532e-02
1.247323872800204117e+04 9.353297253360396266e-35 8.026875979838705988e-02
1.274979036336331592e+04 9.892645340547387401e-35 7.980272018680630020e-02
1.303247359042172320e+04 1.043900554648302549e-34 7.950379537547959397e-02
1.332142435636373375e+04 1.100798504548909932e-34 7.915189184016564738e-02
1.361678162254218842e+04 1.159892433767263133e-34 7.869919872660004201e-02
1.391868743130518305e+04 1.219231476306499595e-34 7.837014353736371230e-02
1.422728697430666944e+04 1.281138325568603453e-34 7.806236528038162925e-02
1.454272866233158129e+04 1.346239231978543627e-34 7.775573531342509781e-02
1.486516419666912043e+04 1.412254463940255495e-34 7.751515023322891329e-02
1.519474864206850725e+04 1.479733971288218927e-34 7.719930760077438336e-02
1.553164050131224030e+04 1.550492060205103128e-34 7.688669051965307810e-02
1.587600179144280446e+04 1.621907342960625907e-34 7.666271914326758252e-02
1.622799812167942400e+04 1.695602929569754079e-34 7.647189967969690583e-02
1.658779877306236813e+04 1.772697710238446583e-34 7.628285966308949451e-02
1.695557677986309136e+04 1.849584716416120850e-34 7.602039054560108533e-02
1.733150901279934260e+04 1.928549362553225890e-34 7.577034718457723028e-02
1.771577626409539153e+04 2.010974250539815852e-34 7.552305601912621957e-02
1.810856333442790856e+04 2.094637573124473048e-34 7.531937295331415927e-02
1.851005912180000087e+04 2.180276707662843572e-34 7.514351544092290336e-02
1.892045671238532668e+04 2.269196509043126291e-34 7.491241229622387643e-02
1.933995347338659121e+04 2.359765499228250153e-34 7.468302482814687115e-02
1.976875114795276386e+04 2.452475446087607149e-34 7.447907692348620934e-02
2.020705595220083342e+04 2.549140118244478125e-34 7.427117751978373761e-02
2.065507867438864560e+04 2.648121195045340954e-34 7.408450560366984516e-02
2.111303477628656401e+04 2.749039972415645608e-34 7.388791617812522083e-02
2.158114449679671816e+04 2.854013024783153227e-34 7.363271564975762407e-02
2.205963295786965682e+04 2.962105604384063879e-34 7.338036309605720786e-02
2.254873027276932044e+04 3.072816261648734733e-34 7.313347017992823107e-02
2.304867165673844283e+04 3.188759349486451499e-34 7.286691077252849258e-02
2.355969754011762780e+04 3.308665092185159705e-34 7.258014543955595976e-02
2.408205368397218626e+04 3.430001262588099190e-34 7.224905534635388260e-02
2.461599129828314835e+04 3.557400637459528551e-34 7.189260554115185775e-02
2.516176716275820218e+04 3.689508302489500777e-34 7.152243270004217390e-02
2.571964375032151656e+04 3.824001974278763902e-34 7.115422450799979703e-02
2.628988935334142661e+04 3.966032712538141654e-34 7.074663383685579621e-02
2.687277821265680541e+04 4.111927018907713923e-34 7.031889505646181371e-02
2.746859064946418221e+04 4.265316753688032639e-34 6.985984353330096375e-02
2.807761320012897704e+04 4.427467937690272966e-34 6.936424781347864943e-02
2.870013875398572782e+04 4.593650791972521272e-34 6.885919698905669517e-02
2.933646669419356840e+04 4.768731139800553949e-34 6.831595077523887338e-02
2.998690304171470052e+04 4.949357814726800615e-34 6.776859330813550519e-02
3.065176060248508293e+04 5.137482211452024972e-34 6.720884800952696414e-02
3.133135911784816926e+04 5.336980340730162405e-34 6.661293972827625476e-02
3.202602541832393399e+04 5.546336641429823127e-34 6.598835753535850501e-02
3.273609358078729201e+04 5.763350171746347561e-34 6.534240743883661107e-02
3.346190508913133090e+04 5.989461083605989385e-34 6.468934940274990997e-02
3.420380899849275011e+04 6.220916075249874638e-34 6.405917902774668771e-02
3.496216210311845498e+04 6.466635638602711942e-34 6.340045907174497730e-02
3.573732910795394127e+04 6.727929374629038501e-34 6.271343750772975789e-02
3.652968280403619428e+04 6.999498970020564619e-34 6.200529357060140939e-02
3.733960424777520529e+04 7.285098324516874766e-34 6.128523713719057769e-02
3.816748294421053288e+04 7.571753050063762823e-34 6.063682269148445991e-02
3.901371703433090443e+04 7.875854993629257289e-34 5.997172861811251449e-02
3.987871348654699977e+04 8.198867060615581756e-34 5.929141775328681391e-02
4.076288829240953055e+04 8.539462251060422193e-34 5.860025974834365270e-02
4.166666666666666424e+04 8.896156875806175186e-34 5.790171368809379077e-02
4.259048325175702485e+04 9.251558572543716398e-34 5.728637572642247822e-02
4.353478232683670649e+04 9.624895830049202937e-34 5.667755242926692666e-02
4.450001802144064277e+04 1.002052360615950134e-33 5.606594280302724248e-02
4.548665453388129390e+04 1.044015044411589924e-33 5.545359761405205951e-02
4.649516635448949819e+04 1.087849678565291348e-33 5.484997577635768173e-02
4.752603849380500469e+04 1.132046391778521864e-33 5.430765484434896262e-02
4.857976671582629206e+04 1.177481307169721801e-33 5.380180575296225620e-02
4.965685777643191977e+04 1.225482555269610859e-33 5.330215174478396267e-02
5.075782966708811000e+04 1.276227716525153659e-33 5.281039596897308536e-02
5.188321186395965196e+04 1.329572466289109665e-33 5.232274891724328358e-02
5.303354558254405129e+04 1.383757081971214373e-33 5.186414902449144188e-02
5.420938403795136401e+04 1.438263947095930802e-33 5.145965607796278152e-02
5.541129271095438162e+04 1.495657801386921894e-33 5.106678291811540815e-02
5.663984961993861361e+04 1.556119405716552097e-33 5.068671625455827001e-02
5.789564559888077929e+04 1.619841640662826828e-33 5.032062615614858042e-02
5.917928458149102516e+04 1.685601920312559599e-33 4.998117092211892126e-02
6.049138389165495028e+04 1.750264745524344759e-33 4.969922951691819329e-02
6.183257454031525413e+04 1.818122047279388787e-33 4.943009390656417229e-02
6.320350152893555787e+04 1.889355183485737249e-33 4.917439169764470375e-02
6.460482415969271824e+04 1.964156429462088523e-33 4.893271324287776225e-02
6.603721635254641296e+04 2.042388009003959705e-33 4.870590137805701214e-02
6.750136696933880739e+04 2.118623730629618327e-33 4.852307100327128003e-02
6.899798014507991320e+04 2.197718861715245493e-33 4.835558547625547904e-02
7.052777562657816452e+04 2.280469574112910804e-33 4.820005438694082572e-02
7.209148911857907660e+04 2.367065272977431974e-33 4.805669827290225127e-02
7.368987263757758774e+04 2.457705673278609896e-33 4.792570302666219334e-02
7.532369487347657559e+04 2.547483534129191170e-33 4.782425989062639993e-02
7.699374155926225649e+04 2.638597491191003976e-33 4.774026573344684193e-02
7.870081584887685312e+04 2.733621757554803603e-33 4.766565023280363439e-02
8.044573870346888725e+04 2.832741331502459088e-33 4.760043469523058540e-02
8.222934928620753635e+04 2.936150353656133660e-33 4.754461914036015729e-02
8.405250536585043301e+04 3.040574868311423522e-33 4.750231295765811740e-02
8.591608372925930598e+04 3.143772157119505586e-33 4.747431216946327442e-02
8.782098060306174739e+04 3.251086569290896365e-33 4.745352677625930271e-02
8.976811208466193057e+04 3.362696991892810143e-33 4.743989718711637965e-02
9.175841458280741062e+04 3.478790390434821735e-33 4.743335147126098716e-02
9.379284526792410179e+04 3.598416496544740771e-33 4.743436797445094860e-02
9.587238253243583313e+04 3.715584364735809934e-33 4.744468433186753431e-02
9.799802646129005007e+04 3.837102873718634406e-33 4.746005083217525594e-02
