3.346190508913133272e+03 2.164652586411964496e-40 3.710607842007562773e+00
3.420380899849275920e+03 3.974730978330979176e-40 2.992839259261196982e+00
3.496216210311844861e+03 7.324388446211168843e-40 2.294964011726577269e+00
3.573732910795393764e+03 1.328099276737838424e-39 1.667424898189262983e+00
3.652968280403618792e+03 2.084552814245688730e-39 1.393512590512586913e+00
3.733960424777520529e+03 3.090461167616778909e-39 1.200684103789495527e+00
3.816748294421053743e+03 4.572460096326121606e-39 1.016540581413079014e+00
3.901371703433089806e+03 6.315273952522866492e-39 1.199829297052462884e+00
3.987871348654699432e+03 8.793113896352727165e-39 1.357793376685759501e+00
4.076288829240953419e+03 1.192421394273058439e-38 1.527526769595359157e+00
4.166666666666666060e+03 1.634565101386160178e-38 1.460525975037663349e+00
4.259048325175703212e+03 2.241501562467969839e-38 1.390235514648408666e+00
4.353478232683674833e+03 3.074284927332997611e-38 1.319637404387134172e+00
4.450001802144069188e+03 4.118989732353910983e-38 1.163416877143979011e+00
4.548665453388133756e+03 5.475436974239904757e-38 9.966214074218366914e-01
4.649516635448954730e+03 7.290791849541577243e-38 8.160515357987453422e-01
4.752603849380506290e+03 9.462771132216674449e-38 6.978550473560574119e-01
4.857976671582634481e+03 1.214864741514549684e-37 5.932874109192879386e-01
4.965685777643197071e+03 1.548465845947038069e-37 4.892266364152851876e-01
5.075782966708816275e+03 1.925264620995710210e-37 4.263039029456302531e-01
5.188321186395971381e+03 2.378668976266652597e-37 3.741058696158413577e-01
5.303354558254410222e+03 2.930934532488770599e-37 3.224162215613902704e-01
5.420938403795130398e+03 3.520879441950013610e-37 2.909860582845729127e-01
5.541129271095432159e+03 4.201789303702722487e-37 2.662041487553603591e-01
5.663984961993861361e+03 5.014737417686791012e-37 2.413350462814645714e-01
5.789564559888078293e+03 5.911206707243756398e-37 2.212101736302985733e-01
5.917928458149102880e+03 6.887221773744507133e-37 2.040949952987990978e-01
6.049138389165495028e+03 8.025165566276882574e-37 1.869386072962435641e-01
6.183257454031525413e+03 9.265474892324933829e-37 1.737552525075842791e-01
6.320350152893555787e+03 1.063467274770189272e-36 1.632051088166035502e-01
6.460482415969271642e+03 1.214835947007692377e-36 1.528612089854274603e-01
6.603721635254641114e+03 1.378502874199135744e-36 1.445846771054195845e-01
6.750136696933881467e+03 1.556042842105209222e-36 1.380436642991413887e-01
6.899798014507991866e+03 1.756485612510595808e-36 1.315607108100366740e-01
7.052777562657815906e+03 1.967768294875478681e-36 1.257319935643231301e-01
7.209148911857892017e+03 2.191371451531223204e-36 1.206390272549280329e-01
7.368987263757743676e+03 2.440465156641771679e-36 1.155878431987493044e-01
7.532369487347649738e+03 2.708789114059625465e-36 1.112833448316715851e-01
7.699374155926218009e+03 2.989274488407769731e-36 1.078862369640689323e-01
7.870081584887677309e+03 3.295930597576679168e-36 1.044507556388378222e-01
8.044573870346880540e+03 3.625071460422507046e-36 1.014851487568559779e-01
8.222934928620745268e+03 3.969481401639622657e-36 9.932916213213760503e-02
8.405250536585042937e+03 4.342841844803365283e-36 9.711071638002603812e-02
8.591608372925929871e+03 4.736465322243499338e-36 9.499174266329166172e-02
8.782098060306176194e+03 5.144054637047653108e-36 9.343053553248160947e-02
8.976811208466193420e+03 5.586809778108101036e-36 9.188581794130187830e-02
9.175841458280741790e+03 6.060240330702746060e-36 9.051053198161868041e-02
9.379284526792409451e+03 6.544877556310709611e-36 8.959830216067019015e-02
9.587238253243584040e+03 7.052319793315913061e-36 8.839641203413786674e-02
9.799802646129004643e+03 7.593376223291973793e-36 8.729098147050577683e-02
1.001707993129155875e+04 8.145417728563216239e-36 8.663760760098773717e-02
1.023917460108443083e+04 8.737745832751153046e-36 8.598721519911028954e-02
1.046619346462325848e+04 9.369382136077807907e-36 8.537569421411531079e-02
1.069824569915245775e+04 9.992500420908551083e-36 8.477486982859867848e-02
1.093544290255042870e+04 1.065472911377445184e-35 8.414011418979339130e-02
1.117789914699886322e+04 1.135923858030790429e-35 8.351865537983425847e-02
1.142573103384202295e+04 1.206940793263538762e-35 8.316035325871051764e-02
1.167905774966230092e+04 1.282419876849871467e-35 8.280267846058943226e-02
1.193800112359908962e+04 1.361106956775029076e-35 8.228170467730228088e-02
1.220268568593848795e+04 1.439126079641018249e-35 8.188377920966705137e-02
1.247323872800204117e+04 1.521569932123474841e-35 8.149047581527180117e-02
1.274979036336331592e+04 1.608770545899669620e-35 8.109828932005802571e-02
1.303247359042172320e+04 1.697022453123657752e-35 8.087883988867293483e-02
1.332142435636373375e+04 1.788878498645643565e-35 8.059847897659085103e-02
1.361678162254218842e+04 1.884274054026476476e-35 8.020201043760233350e-02
1.391868743130518305e+04 1.980085503163641817e-35 7.993062367820265302e-02
1.422728697430666944e+04 2.079996258341517585e-35 7.968102733837614804e-02
1.454272866233158129e+04 2.184994917457690957e-35 7.943294794494280830e-02
1.486516419666912043e+04 2.291427841313666407e-35 7.924853835699184612e-02
1.519474864206850725e+04 2.400380613258516628e-35 7.896793887487858765e-02
1.553164050131224030e+04 2.514613522771758438e-35 7.868905223520825110e-02
1.587600179144280446e+04 2.629972904928101385e-35 7.850266780643733178e-02
1.622799812167942400e+04 2.749051271152402308e-35 7.834974015975544603e-02
1.658779877306236813e+04 2.873639959769937356e-35 7.819672183416102873e-02
1.695557677986309136e+04 2.997697143198147885e-35 7.795468870334772149e-02
1.733150901279934260e+04 3.125157893468757372e-35 7.772193568592876411e-02
1.771577626409539153e+04 3.258295332922467570e-35 7.748835406386163360e-02
1.810856333442790856e+04 3.393616724441218594e-35 7.729478151324843671e-02
1.851005912180000087e+04 3.532355825879133765e-35 7.712445340338844324e-02
1.892045671238532668e+04 3.675764914059148545e-35 7.690378753749374519e-02
1.933995347338659121e+04 3.821428262404409655e-35 7.669164077306889205e-02
1.976875114795276386e+04 3.970593580124978760e-35 7.650571069976315475e-02
2.020705595220083342e+04 4.126167225642049203e-35 7.631332373934199276e-02
2.065507867438864560e+04 4.285581109537693434e-35 7.614091963448993416e-02
2.111303477628656401e+04 4.447393360717082579e-35 7.596633664946152165e-02
2.158114449679671816e+04 4.614021428396812220e-35 7.574981472259499637e-02
2.205963295786965682e+04 4.785056154257868434e-35 7.554335889049167141e-02
2.254873027276932044e+04 4.959566727137099990e-35 7.535140492168979076e-02
2.304867165673844283e+04 5.141559931953951304e-35 7.514726063553728297e-02
2.355969754011762780e+04 5.328675852962115933e-35 7.493263948297833321e-02
2.408205368397218626e+04 5.515634466808765083e-35 7.468941799876162302e-02
2.461599129828314835e+04 5.710379453554390947e-35 7.443545429906113509e-02
2.516176716275820218e+04 5.910365852969974644e-35 7.418596232075531927e-02
2.571964375032151656e+04 6.111439502008017138e-35 7.396141296909761187e-02
2.628988935334142661e+04 6.321181890765235055e-35 7.371964524482443881e-02
2.687277821265680541e+04 6.534820422629711859e-35 7.345695572632224279e-02
2.746859064946418221e+04 6.756680018292829657e-35 7.318137557943146798e-02
2.807761320012897704e+04 6.987902201413368752e-35 7.289242488411175336e-02
2.870013875398572782e+04 7.220180276492932711e-35 7.262490225024723078e-02
2.933646669419356840e+04 7.460265912244321815e-35 7.234851856821988836e-02
2.998690304171470052e+04 7.705913453353732542e-35 7.206155109076185783e-02
3.065176060248508293e+04 7.958941152123911817e-35 7.176558767385671223e-02
3.133135911784816926e+04 8.222524301163071432e-35 7.145635524022621310e-02
3.202602541832393399e+04 8.493176809793614267e-35 7.114482982901255970e-02
3.273609358078729201e+04 8.766180128316355447e-35 7.084279930619596932e-02
3.346190508913133090e+04 9.046972085075492272e-35 7.052995876648357476e-02
3.420380899849275011e+04 9.332945128896456059e-35 7.021471550851511589e-02
3.496216210311845498e+04 9.630590409457661134e-35 6.988734601748350372e-02
3.573732910795394127e+04 9.940588189328773129e-35 6.954727411495627287e-02
3.652968280403619428e+04 1.025301642202135330e-34 6.920894689924363130e-02
3.733960424777520529e+04 1.057469170249550491e-34 6.886348189622842897e-02
3.816748294421053288e+04 1.089906735537635549e-34 6.853644153270276040e-02
3.901371703433090443e+04 1.123632551782258855e-34 6.819896103005404497e-02
3.987871348654699977e+04 1.158717209760246128e-34 6.785072973366010340e-02
4.076288829240953055e+04 1.194774302369136739e-34 6.749795356862020590e-02
4.166666666666666424e+04 1.231374222127490115e-34 6.714574464454334257e-02
4.259048325175702485e+04 1.268115646085532075e-34 6.681761433105275205e-02
4.353478232683670649e+04 1.306102870981257750e-34 6.648533648862846313e-02
4.450001802144064277e+04 1.345564992311353886e-34 6.614453221490193546e-02
4.548665453388129390e+04 1.386578394769835092e-34 6.579510028141721811e-02
4.649516635448949819e+04 1.428117662105950278e-34 6.544908520088438264e-02
4.752603849380500469e+04 1.469943272488395514e-34 6.512314306459394964e-02
4.857976671582629206e+04 1.512674801900786970e-34 6.480582368240891955e-02
4.965685777643191977e+04 1.556997451624247436e-34 6.448234061998542321e-02
5.075782966708811000e+04 1.602987721074038941e-34 6.415270226941338638e-02
5.188321186395965196e+04 1.650203704107166502e-34 6.381679321972905106e-02
5.303354558254405129e+04 1.697446441717195469e-34 6.349136754022047247e-02
5.420938403795136401e+04 1.745135243665169022e-34 6.318804831730581717e-02
5.541129271095438162e+04 1.794518030912846574e-34 6.288038661140171737e-02
5.663984961993861361e+04 1.845670395516140828e-34 6.256845747633303645e-02
5.789564559888077929e+04 1.898671854220532302e-34 6.225235320981346854e-02
5.917928458149102516e+04 1.952131660851023434e-34 6.193423111448274204e-02
6.049138389165495028e+04 2.005243822939944964e-34 6.164805734753647098e-02
6.183257454031525413e+04 2.060152536065871860e-34 6.135944644792722114e-02
6.320350152893555787e+04 2.116932157416885840e-34 6.106849652445804633e-02
6.460482415969271824e+04 2.175660561631241485e-34 6.077531740727316195e-02
6.603721635254641296e+04 2.235885641210857341e-34 6.048340113201339935e-02
6.750136696933880739e+04 2.294896489323942204e-34 6.023068281305088423e-02
6.899798014507991320e+04 2.355517850870740947e-34 5.998093740995663614e-02
7.052777562657816452e+04 2.418098654224074758e-34 5.972995620838822406e-02
7.209148911857907660e+04 2.482714577751168301e-34 5.947783497715578016e-02
7.368987263757758774e+04 2.549444585429629233e-34 5.922467721125938833e-02
7.532369487347657559e+04 2.615303481377952912e-34 5.900705414470781840e-02
7.699374155926225649e+04 2.681982694066652951e-34 5.880377350034747541e-02
7.870081584887685312e+04 2.750705098970006255e-34 5.859994116514807838e-02
8.044573870346888725e+04 2.821544019674102904e-34 5.839562546706348473e-02
8.222934928620753635e+04 2.894575702010981705e-34 5.819089951656714749e-02
8.405250536585043301e+04 2.967780163375258596e-34 5.799647483197309383e-02
8.591608372925930598e+04 3.039844505187456613e-34 5.781833628165372607e-02
8.782098060306174739e+04 3.113994424152388604e-34 5.764005812099652626e-02
8.976811208466193057e+04 3.190299793336598988e-34 5.746170100655156182e-02
9.175841458280741062e+04 3.268833062823669438e-34 5.728332869567167446e-02
9.379284526792410179e+04 3.349198289591497486e-34 5.710934456352267929e-02
9.587238253243583313e+04 3.428950395331503609e-34 5.696191711992762419e-02
9.799802646129005007e+04 3.510903779609335510e-34 5.681497878474632557e-02
