3.346190508913133272e+03 8.152990805723185318e-41 3.537121524977669296e+00
3.420380899849275920e+03 1.591023528578089991e-40 2.780462256844341340e+00
3.496216210311844861e+03 3.119919718508763589e-40 2.064785750857250690e+00
3.573732910795393764e+03 6.043188938369553121e-40 1.431751780239942207e+00
3.652968280403618792e+03 1.041147013180967823e-39 1.103027800419468685e+00
3.733960424777520529e+03 1.585592343542803887e-39 9.331219916631585676e-01
3.816748294421053743e+03 2.409266483494756530e-39 7.714223971727152129e-01
3.901371703433089806e+03 3.471177983134048572e-39 8.349024315968843757e-01
3.987871348654699432e+03 5.039292571399724079e-39 8.823905347675489175e-01
4.076288829240953419e+03 6.968258010688234059e-39 9.574895493970626559e-01
4.166666666666666060e+03 9.565828067084321861e-39 9.475451174206759308e-01
4.259048325175703212e+03 1.313342048838721810e-38 9.368537527370464080e-01
4.353478232683674833e+03 1.803283099481213796e-38 9.265623715550398432e-01
4.450001802144069188e+03 2.407445606110148205e-38 8.378824258785644297e-01
4.548665453388133756e+03 3.169767521860860763e-38 7.434134167442866259e-01
4.649516635448954730e+03 4.179585254105041569e-38 6.376703592659447306e-01
4.752603849380506290e+03 5.423662303331095659e-38 5.583863747574570047e-01
4.857976671582634481e+03 6.939169204762478003e-38 4.873724531092040180e-01
4.965685777643197071e+03 8.767353757103623848e-38 4.170398580335883953e-01
5.075782966708816275e+03 1.089344435863455283e-37 3.711365154713154313e-01
5.188321186395971381e+03 1.347778050347672322e-37 3.317156610268974792e-01
5.303354558254410222e+03 1.659914046735826377e-37 2.927903479843536605e-01
5.420938403795130398e+03 1.992363883473558162e-37 2.695370895504808351e-01
5.541129271095432159e+03 2.379742968071003586e-37 2.512360824983692620e-01
5.663984961993861361e+03 2.842933313691338272e-37 2.328322781158219668e-01
5.789564559888078293e+03 3.360447004316059373e-37 2.181302147983963380e-01
5.917928458149102880e+03 3.912746735731262093e-37 2.056635257882162282e-01
6.049138389165495028e+03 4.556731783801193652e-37 1.931724545218372890e-01
6.183257454031525413e+03 5.269613893837358562e-37 1.837236247798195166e-01
6.320350152893555787e+03 6.066465664397462306e-37 1.763306545872092568e-01
6.460482415969271642e+03 6.927688790013930939e-37 1.687197201451354489e-01
6.603721635254641114e+03 7.866823885889137117e-37 1.626551179666921865e-01
6.750136696933881467e+03 8.895954894244000014e-37 1.579330896551647268e-01
6.899798014507991866e+03 1.006021745508869072e-36 1.532780493879224160e-01
7.052777562657815906e+03 1.127722089939559549e-36 1.489297151243784978e-01
7.209148911857892017e+03 1.256914037857690848e-36 1.451783432946963381e-01
7.368987263757743676e+03 1.401006462275678888e-36 1.414664043219051037e-01
7.532369487347649738e+03 1.557406516910916192e-36 1.384030054166019152e-01
7.699374155926218009e+03 1.721471635593293002e-36 1.359771624515473676e-01
7.870081584887677309e+03 1.900155937620760042e-36 1.334047768415203006e-01
8.044573870346880540e+03 2.093168551195837911e-36 1.311939246086354371e-01
8.222934928620745268e+03 2.297389085059258284e-36 1.296122188576683265e-01
8.405250536585042937e+03 2.517404334432787381e-36 1.278352270120637624e-01
8.591608372925929871e+03 2.747300070320311472e-36 1.259934817148893882e-01
8.782098060306176194e+03 2.987387772233065931e-36 1.248030998044203504e-01
8.976811208466193420e+03 3.248552963278117985e-36 1.236200605164205490e-01
9.175841458280741790e+03 3.529278635134079594e-36 1.225569762460021056e-01
9.379284526792409451e+03 3.820153342250016665e-36 1.217815671893427015e-01
9.587238253243584040e+03 4.120355590639999227e-36 1.204782009480549199e-01
9.799802646129004643e+03 4.441342033453626621e-36 1.192781192042659671e-01
1.001707993129155875e+04 4.771725496318187561e-36 1.185653386638046147e-01
1.023917460108443083e+04 5.126839690259470558e-36 1.178546885303005665e-01
1.046619346462325848e+04 5.506539509503998848e-36 1.171934242720783642e-01
1.069824569915245775e+04 5.877563054607365002e-36 1.164045187799849640e-01
1.093544290255042870e+04 6.271365069402909325e-36 1.155545038494429771e-01
1.117789914699886322e+04 6.690913183543139581e-36 1.147193843085133752e-01
1.142573103384202295e+04 7.118029044089037992e-36 1.141628889021968074e-01
1.167905774966230092e+04 7.572630922124339698e-36 1.136076787873460531e-01
1.193800112359908962e+04 8.041617470625855846e-36 1.127581098388645148e-01
1.220268568593848795e+04 8.509064916278842520e-36 1.120709030922600047e-01
1.247323872800204117e+04 9.003672763258273040e-36 1.113917481273722504e-01
1.274979036336331592e+04 9.527419682969831051e-36 1.107153203670789704e-01
1.303247359042172320e+04 1.005847356721855330e-35 1.102735877088959621e-01
1.332142435636373375e+04 1.060849544825282429e-35 1.097160051474478232e-01
1.361678162254218842e+04 1.117472393661071607e-35 1.089488087916827552e-01
1.391868743130518305e+04 1.175134318864012115e-35 1.083521507478695245e-01
1.422728697430666944e+04 1.235466157820944220e-35 1.077862518142663067e-01
1.454272866233158129e+04 1.298945084216167677e-35 1.072236310665678899e-01
1.486516419666912043e+04 1.363356602261061719e-35 1.067637498918534850e-01
1.519474864206850725e+04 1.428460643784176543e-35 1.060921562653702882e-01
1.553164050131224030e+04 1.496767236643019094e-35 1.054242299233845298e-01
1.587600179144280446e+04 1.565937328009351825e-35 1.048927108340466513e-01
1.622799812167942400e+04 1.637441560387649280e-35 1.044111052897131742e-01
1.658779877306236813e+04 1.712306662070899577e-35 1.039304445844145414e-01
1.695557677986309136e+04 1.786922956986977945e-35 1.033351426506914778e-01
1.733150901279934260e+04 1.863787060051171823e-35 1.027582202570561376e-01
1.771577626409539153e+04 1.944159352024259268e-35 1.021798152746015154e-01
1.810856333442790856e+04 2.026717747311052198e-35 1.016613893761817017e-01
1.851005912180000087e+04 2.112022731951492493e-35 1.011786768407114817e-01
1.892045671238532668e+04 2.199655103421994183e-35 1.005785697958992975e-01
1.933995347338659121e+04 2.288068845750132134e-35 9.998733624149033772e-02
1.976875114795276386e+04 2.378431818363572654e-35 9.945180343187602634e-02
2.020705595220083342e+04 2.472814782216242972e-35 9.890667696556895705e-02
2.065507867438864560e+04 2.570232060882460432e-35 9.838568672928317549e-02
2.111303477628656401e+04 2.669632893027421497e-35 9.784585112922590533e-02
2.158114449679671816e+04 2.771737057498893512e-35 9.722835029046462962e-02
2.205963295786965682e+04 2.876774741715583175e-35 9.663779018589144232e-02
2.254873027276932044e+04 2.984205523680335131e-35 9.608534016520715870e-02
2.304867165673844283e+04 3.096506397116647437e-35 9.551495116158147114e-02
2.355969754011762780e+04 3.212408866432545454e-35 9.493298742297945347e-02
2.408205368397218626e+04 3.328080395057087044e-35 9.429574035360670237e-02
2.461599129828314835e+04 3.448873793106499423e-35 9.364321435486494538e-02
2.516176716275820218e+04 3.573446116011858940e-35 9.300471881270531982e-02
2.571964375032151656e+04 3.699552798528348053e-35 9.241989331729512369e-02
2.628988935334142661e+04 3.831509761269224519e-35 9.181055485429334695e-02
2.687277821265680541e+04 3.965244004912853354e-35 9.114969608041455229e-02
2.746859064946418221e+04 4.104382056044312076e-35 9.046867246334164281e-02
2.807761320012897704e+04 4.249824965935969914e-35 8.976966756442246453e-02
2.870013875398572782e+04 4.396721951208695324e-35 8.911758744112588393e-02
2.933646669419356840e+04 4.549153800391790662e-35 8.845756440572447032e-02
2.998690304171470052e+04 4.704742513923534976e-35 8.777133982062905460e-02
3.065176060248508293e+04 4.864967115070687779e-35 8.706712265185810595e-02
3.133135911784816926e+04 5.032391465008365556e-35 8.634601133290945030e-02
3.202602541832393399e+04 5.205242468793967182e-35 8.562987034832127142e-02
3.273609358078729201e+04 5.381074606336900153e-35 8.494267219051196416e-02
3.346190508913133090e+04 5.562025231720691913e-35 8.423881230558734334e-02
3.420380899849275011e+04 5.746038467095806982e-35 8.352823464470503223e-02
3.496216210311845498e+04 5.938165093155328710e-35 8.280343164104864151e-02
3.573732910795394127e+04 6.138912632563494578e-35 8.206392122985751991e-02
3.652968280403619428e+04 6.342898698590414279e-35 8.135476548960482446e-02
3.733960424777520529e+04 6.553605132767558995e-35 8.064176865175776143e-02
3.816748294421053288e+04 6.765057882207925756e-35 7.994262043622892000e-02
3.901371703433090443e+04 6.985579216173623769e-35 7.923290646282259153e-02
3.987871348654699977e+04 7.215699333973685387e-35 7.851250035901738422e-02
4.076288829240953055e+04 7.453456694303092229e-35 7.779248428395366122e-02
4.166666666666666424e+04 7.696649999201672844e-35 7.708229080196694893e-02
4.259048325175702485e+04 7.939758274118282046e-35 7.639798164839083083e-02
4.353478232683670649e+04 8.191607460989443754e-35 7.571126692644962464e-02
4.450001802144064277e+04 8.453999761250840415e-35 7.501784652292027566e-02
4.548665453388129390e+04 8.727513619534362023e-35 7.431786928421914296e-02
4.649516635448949819e+04 9.006037957478322993e-35 7.363944074001203821e-02
4.752603849380500469e+04 9.286035104050098866e-35 7.298741711376843799e-02
4.857976671582629206e+04 9.572045791895320839e-35 7.234756231874686638e-02
4.965685777643191977e+04 9.869499970136233781e-35 7.170455774466547028e-02
5.075782966708811000e+04 1.017897819126763415e-34 7.105864806733307171e-02
5.188321186395965196e+04 1.049825748783941430e-34 7.041804430699918904e-02
5.303354558254405129e+04 1.081899870101736063e-34 6.980778850402359625e-02
5.420938403795136401e+04 1.114216277157381971e-34 6.922587981226985265e-02
5.541129271095438162e+04 1.147762604745001650e-34 6.864356788469361259e-02
5.663984961993861361e+04 1.182596495665423000e-34 6.806111457568737866e-02
5.789564559888077929e+04 1.218778664724220829e-34 6.747880279304681317e-02
5.917928458149102516e+04 1.255378612696909472e-34 6.691192672412375753e-02
6.049138389165495028e+04 1.291609845985801807e-34 6.638392255707858958e-02
6.183257454031525413e+04 1.329148626479972361e-34 6.585769514793710089e-02
6.320350152893555787e+04 1.368051635906454879e-34 6.533348479445394430e-02
6.460482415969271824e+04 1.408378306859800413e-34 6.481154406946115776e-02
6.603721635254641296e+04 1.449896185879035725e-34 6.429625331270678867e-02
6.750136696933880739e+04 1.490552837865662764e-34 6.382713854408568477e-02
6.899798014507991320e+04 1.532372149609567002e-34 6.336568801914127524e-02
7.052777562657816452e+04 1.575628449451865426e-34 6.290765529178490856e-02
7.209148911857907660e+04 1.620379635522327138e-34 6.245323406145069506e-02
7.368987263757758774e+04 1.666686179236331137e-34 6.200262385057216802e-02
7.532369487347657559e+04 1.712315696639808820e-34 6.160124205973416950e-02
7.699374155926225649e+04 1.758492124028870579e-34 6.121971289676620548e-02
7.870081584887685312e+04 1.806166607993166294e-34 6.084206844051272961e-02
8.044573870346888725e+04 1.855395125527370920e-34 6.046843200162978216e-02
8.222934928620753635e+04 1.906235937187254261e-34 6.009892918089442676e-02
8.405250536585043301e+04 1.957318439669135308e-34 5.974130657282712697e-02
8.591608372925930598e+04 2.007742760985457033e-34 5.939958392685996957e-02
8.782098060306174739e+04 2.059709035929509547e-34 5.906190462065350616e-02
8.976811208466193057e+04 2.113270869486244717e-34 5.872836873827408377e-02
9.175841458280741062e+04 2.168483884801668104e-34 5.839907700816693303e-02
9.379284526792410179e+04 2.225029857874634818e-34 5.807805594186436771e-02
9.587238253243583313e+04 2.280956028519247816e-34 5.778524373238999590e-02
9.799802646129005007e+04 2.338506843193771093e-34 5.749694037053543899e-02
