3.346190508913133272e+03 4.997976137031467738e-40 4.162203344030964480e+00
3.420380899849275920e+03 9.726166666194825043e-40 3.279528706411309891e+00
3.496216210311844861e+03 1.900967984956071717e-39 2.443300499475184129e+00
3.573732910795393764e+03 3.670697866649362395e-39 1.700033410438440251e+00
3.652968280403618792e+03 6.329605846011890397e-39 1.302971029518677826e+00
3.733960424777520529e+03 9.671341870119345880e-39 1.089501039110452263e+00
3.816748294421053743e+03 1.474457375537647690e-38 8.805760015909305238e-01
3.901371703433089806e+03 2.135516126972283116e-38 8.936605656303689971e-01
3.987871348654699432e+03 3.114191864571330473e-38 8.982937810818897306e-01
4.076288829240953419e+03 4.326568851465726443e-38 9.372942683626896976e-01
4.166666666666666060e+03 5.935836172223858083e-38 9.213834011496139231e-01
4.259048325175703212e+03 8.144212917365017307e-38 9.052804932773015345e-01
4.353478232683674833e+03 1.117488618772657424e-37 8.897882567528323516e-01
4.450001802144069188e+03 1.487080082438695884e-37 8.061270616833514646e-01
4.548665453388133756e+03 1.951495856665895759e-37 7.192646775489182076e-01
4.649516635448954730e+03 2.564353120906785963e-37 6.237928181893704904e-01
4.752603849380506290e+03 3.320213591088418439e-37 5.485841812548386542e-01
4.857976671582634481e+03 4.239409937807874814e-37 4.810494841810060707e-01
4.965685777643197071e+03 5.345305864524145452e-37 4.150476003377224221e-01
5.075782966708816275e+03 6.635129830574804574e-37 3.710776638184392628e-01
5.188321186395971381e+03 8.203627629657737469e-37 3.329144400716597119e-01
5.303354558254410222e+03 1.009649249961053864e-36 2.953277145618564137e-01
5.420938403795130398e+03 1.211533653306684889e-36 2.724507927257071027e-01
5.541129271095432159e+03 1.446946399372798395e-36 2.541176064175919014e-01
5.663984961993861361e+03 1.728414632727270911e-36 2.356384909988802623e-01
5.789564559888078293e+03 2.043104992116665579e-36 2.208805830779531354e-01
5.917928458149102880e+03 2.379134872343101609e-36 2.083939723840954883e-01
6.049138389165495028e+03 2.771031412257976883e-36 1.958298381234356011e-01
6.183257454031525413e+03 3.204958491557049735e-36 1.861959137552346155e-01
6.320350152893555787e+03 3.690090477083187999e-36 1.785484444311108698e-01
6.460482415969271642e+03 4.214581108801329361e-36 1.707003120579096700e-01
6.603721635254641114e+03 4.786664409324905846e-36 1.643849218177827753e-01
6.750136696933881467e+03 5.413702524352029604e-36 1.594038463778697789e-01
6.899798014507991866e+03 6.123251914140272580e-36 1.544739771578363396e-01
7.052777562657815906e+03 6.865102961743595700e-36 1.499263976177210578e-01
7.209148911857892017e+03 7.652691440700879321e-36 1.460383875908541074e-01
7.368987263757743676e+03 8.531331200338060640e-36 1.421751569104585666e-01
7.532369487347649738e+03 9.485100377883324887e-36 1.389175232791388659e-01
7.699374155926218009e+03 1.048549341559514563e-35 1.362578644375611325e-01
7.870081584887677309e+03 1.157521773927967198e-35 1.334508498781228625e-01
8.044573870346880540e+03 1.275233971413531152e-35 1.310245454622101513e-01
8.222934928620745268e+03 1.399749620740808729e-35 1.292661909601437453e-01
8.405250536585042937e+03 1.533952666173296088e-35 1.273184037104872768e-01
8.591608372925929871e+03 1.674241402581841557e-35 1.253199663044095857e-01
8.782098060306176194e+03 1.820698438674727256e-35 1.239757252357173156e-01
8.976811208466193420e+03 1.980032455139740151e-35 1.226374767709529495e-01
9.175841458280741790e+03 2.151288432324823004e-35 1.214247901594535523e-01
9.379284526792409451e+03 2.328645665823734943e-35 1.205211160007969851e-01
9.587238253243584040e+03 2.511778221185591850e-35 1.190921169852801470e-01
9.799802646129004643e+03 2.707592359862667617e-35 1.177646293617448242e-01
1.001707993129155875e+04 2.908971634537504937e-35 1.169224093974256251e-01
1.023917460108443083e+04 3.125443350739090371e-35 1.160817265384982422e-01
1.046619346462325848e+04 3.356905144208066737e-35 1.152912692239311115e-01
1.069824569915245775e+04 3.583348252841296518e-35 1.143897436138558432e-01
1.093544290255042870e+04 3.823859316864086165e-35 1.134263997964170823e-01
1.117789914699886322e+04 4.080227342679073593e-35 1.124762343781777058e-01
1.142573103384202295e+04 4.341138645140014726e-35 1.118032307195554742e-01
1.167905774966230092e+04 4.619022352329420979e-35 1.111287170887690356e-01
1.193800112359908962e+04 4.906107337196773451e-35 1.101682979685266045e-01
1.220268568593848795e+04 5.192384725276599231e-35 1.093753732798940365e-01
1.247323872800204117e+04 5.495559414931447047e-35 1.085885320372685509e-01
1.274979036336331592e+04 5.816911114563559979e-35 1.078020912869428610e-01
1.303247359042172320e+04 6.142894297259779755e-35 1.072431055760049157e-01
1.332142435636373375e+04 6.480722188569728183e-35 1.065764150608263794e-01
1.361678162254218842e+04 6.828525298111661978e-35 1.057176878125436204e-01
1.391868743130518305e+04 7.182672391537157663e-35 1.050287792401436993e-01
1.422728697430666944e+04 7.553457218835019573e-35 1.043699022136377469e-01
1.454272866233158129e+04 7.943914590655138524e-35 1.037134928063169759e-01
1.486516419666912043e+04 8.340195443275110313e-35 1.031598941187150953e-01
1.519474864206850725e+04 8.740044316580601540e-35 1.024273456449748682e-01
1.553164050131224030e+04 9.159648024917575615e-35 1.017007109624752242e-01
1.587600179144280446e+04 9.584269168375125716e-35 1.011097896329274243e-01
1.622799812167942400e+04 1.002310016322985611e-34 1.005700066344535903e-01
1.658779877306236813e+04 1.048254510874983473e-34 1.000336942150197445e-01
1.695557677986309136e+04 1.094048079522342709e-34 9.939836644618900430e-02
1.733150901279934260e+04 1.141184880052233756e-34 9.878652361033206375e-02
1.771577626409539153e+04 1.190429814038957557e-34 9.817918914003948005e-02
1.810856333442790856e+04 1.240927575812685358e-34 9.763646752014128183e-02
1.851005912180000087e+04 1.293005213335571978e-34 9.713585720646034094e-02
1.892045671238532668e+04 1.346789862893072784e-34 9.651218427406037248e-02
1.933995347338659121e+04 1.401212724985382788e-34 9.589119308147511789e-02
1.976875114795276386e+04 1.456778998207825017e-34 9.532813435307735395e-02
2.020705595220083342e+04 1.514765923673058917e-34 9.476154264884714684e-02
2.065507867438864560e+04 1.574534975060304983e-34 9.422405676822435960e-02
2.111303477628656401e+04 1.635851026061283970e-34 9.365447152652717211e-02
2.158114449679671816e+04 1.699624000636874643e-34 9.297720326721307937e-02
2.205963295786965682e+04 1.765401697501975019e-34 9.232022155251361217e-02
2.254873027276932044e+04 1.832878220046151408e-34 9.169281496814860044e-02
2.304867165673844283e+04 1.903679433111814431e-34 9.104074636316152047e-02
2.355969754011762780e+04 1.977196257337404962e-34 9.036530495382745498e-02
2.408205368397218626e+04 2.051884955488068780e-34 8.960162399762355845e-02
2.461599129828314835e+04 2.130553636722009251e-34 8.880451370511995013e-02
2.516176716275820218e+04 2.212519747955411978e-34 8.799777345933851302e-02
2.571964375032151656e+04 2.296563244241286570e-34 8.721337862430932064e-02
2.628988935334142661e+04 2.385649369305654966e-34 8.637730346896524414e-02
2.687277821265680541e+04 2.477082876380799632e-34 8.548382205230327380e-02
2.746859064946418221e+04 2.573566264398990056e-34 8.454586639316556684e-02
2.807761320012897704e+04 2.676015523772755722e-34 8.356081588334807186e-02
2.870013875398572782e+04 2.781741300257008752e-34 8.258311295729640900e-02
2.933646669419356840e+04 2.893741192827133894e-34 8.156084292983617479e-02
2.998690304171470052e+04 3.009330165895486090e-34 8.052195109637493020e-02
3.065176060248508293e+04 3.129982484516320567e-34 7.946239644090606624e-02
3.133135911784816926e+04 3.258561036986084569e-34 7.835910483432249884e-02
3.202602541832393399e+04 3.394460940465070768e-34 7.722896350264212006e-02
3.273609358078729201e+04 3.536726264834952650e-34 7.608934963357719128e-02
3.346190508913133090e+04 3.685323916850533648e-34 7.494289154217213811e-02
3.420380899849275011e+04 3.837505089218155024e-34 7.382775248453216088e-02
3.496216210311845498e+04 3.999845318922251068e-34 7.268284108427011669e-02
3.573732910795394127e+04 4.173318879920405525e-34 7.150955229359429177e-02
3.652968280403619428e+04 4.355237658493997396e-34 7.034077271753409744e-02
3.733960424777520529e+04 4.547444548070456474e-34 6.916912205949482528e-02
3.816748294421053288e+04 4.739845578289135037e-34 6.808893803484418472e-02
3.901371703433090443e+04 4.944851048836274316e-34 6.699773570980374626e-02
3.987871348654699977e+04 5.163559304610349135e-34 6.589825202896817946e-02
4.076288829240953055e+04 5.395553186428114624e-34 6.479993440988243703e-02
4.166666666666666424e+04 5.640351502182397985e-34 6.371069011802860116e-02
4.259048325175702485e+04 5.883661872014872308e-34 6.273042909762205355e-02
4.353478232683670649e+04 6.140011159792998671e-34 6.176935137832910427e-02
4.450001802144064277e+04 6.412689886049917885e-34 6.081723690348409678e-02
4.548665453388129390e+04 6.702991327386769707e-34 5.987713687053855538e-02
4.649516635448949819e+04 7.008055820248522840e-34 5.896454201738832168e-02
4.752603849380500469e+04 7.315563646813977117e-34 5.813470820608699491e-02
4.857976671582629206e+04 7.631943001151493263e-34 5.735821585582711463e-02
4.965685777643191977e+04 7.967260822162201002e-34 5.660138774543341245e-02
5.075782966708811000e+04 8.322867268175419726e-34 5.586643903903301678e-02
5.188321186395965196e+04 8.698405647379642441e-34 5.515861813861369645e-02
5.303354558254405129e+04 9.081191402167302030e-34 5.451127202181068471e-02
5.420938403795136401e+04 9.465965631602150473e-34 5.393310787870948114e-02
5.541129271095438162e+04 9.872202855696234684e-34 5.337844454930311400e-02
5.663984961993861361e+04 1.030128332646919935e-33 5.284850631762318118e-02
5.789564559888077929e+04 1.075468123496849330e-33 5.234444027265312827e-02
5.917928458149102516e+04 1.122393348092799479e-33 5.187917355037925671e-02
6.049138389165495028e+04 1.168442905590093658e-33 5.148033719918284484e-02
6.183257454031525413e+04 1.216876340926351674e-33 5.110411063318646974e-02
6.320350152893555787e+04 1.267832440823679895e-33 5.075093661588082894e-02
6.460482415969271824e+04 1.321458470851297812e-33 5.042117965577151001e-02
6.603721635254641296e+04 1.377721088712823365e-33 5.011749167995527970e-02
6.750136696933880739e+04 1.432530418769188319e-33 4.986539401253720083e-02
6.899798014507991320e+04 1.489474574886562899e-33 4.963533938091421044e-02
7.052777562657816452e+04 1.549162096177484981e-33 4.942414990415341242e-02
7.209148911857907660e+04 1.611738393278216056e-33 4.923175065298719677e-02
7.368987263757758774e+04 1.677356902334910766e-33 4.905801486625047114e-02
7.532369487347657559e+04 1.742338630730246019e-33 4.891819699524519588e-02
7.699374155926225649e+04 1.808300263916235467e-33 4.879890514081455799e-02
7.870081584887685312e+04 1.877202617764447756e-33 4.869368183303706549e-02
8.044573870346888725e+04 1.949187883952084168e-33 4.860228734628412733e-02
8.222934928620753635e+04 2.024405378123351601e-33 4.852445656246256317e-02
8.405250536585043301e+04 2.100478142969783176e-33 4.845995153182370424e-02
8.591608372925930598e+04 2.175765943441408338e-33 4.840699506646049810e-02
8.782098060306174739e+04 2.254163452717043201e-33 4.836458788409167542e-02
8.976811208466193057e+04 2.335808475596963467e-33 4.833246576527360644e-02
9.175841458280741062e+04 2.420845118797580441e-33 4.831035303166857781e-02
9.379284526792410179e+04 2.508541626250488596e-33 4.829762264776044089e-02
9.587238253243583313e+04 2.594282242067637134e-33 4.829121041011665005e-02
9.799802646129005007e+04 2.683310369613932405e-33 4.829214072049565348e-02
