3.346190508913133272e+03 2.835906495475528741e-41 1.134838394305379339e+01
3.420380899849275920e+03 7.040565617272452748e-41 8.645056147878072750e+00
3.496216210311844861e+03 1.751131233049297105e-40 5.766185707262378557e+00
3.573732910795393764e+03 4.223959679408000349e-40 2.992630907965112108e+00
3.652968280403618792e+03 7.997432254921655442e-40 2.275744329780149844e+00
3.733960424777520529e+03 1.950401555169914898e-39 1.302971760899797049e+00
3.816748294421053743e+03 3.300592815544268047e-39 1.016619016085545724e+00
3.901371703433089806e+03 5.237518552076605744e-39 8.549928932671353454e-01
3.987871348654699432e+03 8.365404849635683211e-39 7.028534865310703816e-01
4.076288829240953419e+03 1.230830823147910567e-38 6.076971821940413410e-01
4.166666666666666060e+03 1.729389167200324765e-38 6.395299486707237691e-01
4.259048325175703212e+03 2.432790220184013099e-38 6.705236333924121661e-01
4.353478232683674833e+03 3.427230961414234260e-38 6.963993921396678388e-01
4.450001802144069188e+03 4.657671102641669082e-38 6.700253659667143591e-01
4.548665453388133756e+03 6.199608703788087173e-38 6.489490712840598752e-01
4.649516635448954730e+03 8.255429036041860439e-38 6.259896623810017324e-01
4.752603849380506290e+03 1.091927713772837289e-37 5.715510297509253101e-01
4.857976671582634481e+03 1.418959001147271835e-37 5.173379501795720703e-01
4.965685777643197071e+03 1.810247703112541967e-37 4.655039130999347741e-01
5.075782966708816275e+03 2.287444167558857719e-37 4.225063968595003105e-01
5.188321186395971381e+03 2.883933214366157595e-37 3.812324068321679138e-01
5.303354558254410222e+03 3.613103277423869337e-37 3.398654546751569416e-01
5.420938403795130398e+03 4.401702939728476434e-37 3.137663052403509845e-01
5.541129271095432159e+03 5.342342261192038130e-37 2.918124517952723207e-01
5.663984961993861361e+03 6.486741930034629005e-37 2.692512054326363646e-01
5.789564559888078293e+03 7.792819326229615213e-37 2.529663616852274588e-01
5.917928458149102880e+03 9.185589313777879077e-37 2.404900403386097396e-01
6.049138389165495028e+03 1.083168366820908179e-36 2.276725583312431134e-01
6.183257454031525413e+03 1.269239403251020864e-36 2.172214641014205971e-01
6.320350152893555787e+03 1.481142350436818178e-36 2.084691823392059162e-01
6.460482415969271642e+03 1.709640797819995625e-36 1.995046176015339290e-01
6.603721635254641114e+03 1.962329901996267396e-36 1.922883736972031687e-01
6.750136696933881467e+03 2.243250083065181861e-36 1.866251702131433432e-01
6.899798014507991866e+03 2.564701330433206897e-36 1.809780554612896164e-01
7.052777562657815906e+03 2.901817330577463131e-36 1.758646859894593684e-01
7.209148911857892017e+03 3.262894750879699133e-36 1.716047921087783534e-01
7.368987263757743676e+03 3.669458667643454607e-36 1.673309294082651333e-01
7.532369487347649738e+03 4.115880109452721669e-36 1.636524053879856166e-01
7.699374155926218009e+03 4.582915608791643603e-36 1.604490804019317873e-01
7.870081584887677309e+03 5.089764743679306035e-36 1.569636467054743578e-01
8.044573870346880540e+03 5.642033566510393272e-36 1.538775505447064762e-01
8.222934928620745268e+03 6.232105537904765840e-36 1.515257250603402883e-01
8.405250536585042937e+03 6.872642746131333505e-36 1.489811909551363167e-01
8.591608372925929871e+03 7.548080896150614730e-36 1.463952359815501592e-01
8.782098060306176194e+03 8.259869716525775150e-36 1.444637569782661612e-01
8.976811208466193420e+03 9.039385311557036907e-36 1.425359757040979836e-01
9.175841458280741790e+03 9.883252138705274181e-36 1.407829559993850899e-01
9.379284526792409451e+03 1.076392320476173199e-35 1.394964155101812708e-01
9.587238253243584040e+03 1.167574210446034493e-35 1.376504307935560723e-01
9.799802646129004643e+03 1.265679796926550620e-35 1.359208695082796403e-01
1.001707993129155875e+04 1.367309422590220895e-35 1.347636691010858923e-01
1.023917460108443083e+04 1.477167244664397431e-35 1.336068224595128029e-01
1.046619346462325848e+04 1.595393022923418856e-35 1.324992863482176708e-01
1.069824569915245775e+04 1.712022275144766025e-35 1.312250247045214924e-01
1.093544290255042870e+04 1.836494837825724690e-35 1.298807590013588698e-01
1.117789914699886322e+04 1.969881636563667649e-35 1.285546739646488690e-01
1.142573103384202295e+04 2.106299334579197385e-35 1.276324111892984114e-01
1.167905774966230092e+04 2.252290186266647001e-35 1.267092071415825694e-01
1.193800112359908962e+04 2.403365415006571430e-35 1.254524923732850128e-01
1.220268568593848795e+04 2.554726296611200585e-35 1.243856255787843118e-01
1.247323872800204117e+04 2.715735446862166299e-35 1.233246339982406320e-01
1.274979036336331592e+04 2.887152058520171296e-35 1.222631023057526994e-01
1.303247359042172320e+04 3.062058599641511382e-35 1.214887536087554121e-01
1.332142435636373375e+04 3.243710557943735619e-35 1.205796713087698979e-01
1.361678162254218842e+04 3.430874799282945003e-35 1.194277577396586215e-01
1.391868743130518305e+04 3.622691204062281913e-35 1.184843346525871893e-01
1.422728697430666944e+04 3.824418318762951849e-35 1.175764844082323179e-01
1.454272866233158129e+04 4.037717421270618155e-35 1.166700379845247298e-01
1.486516419666912043e+04 4.254886187924359510e-35 1.158937799889732667e-01
1.519474864206850725e+04 4.474149043724537747e-35 1.149044569520776132e-01
1.553164050131224030e+04 4.705099585976196125e-35 1.139201873411253146e-01
1.587600179144280446e+04 4.940712837309636908e-35 1.131014527169072886e-01
1.622799812167942400e+04 5.185542164054920566e-35 1.123447093993442947e-01
1.658779877306236813e+04 5.442856483079925662e-35 1.115912018420076590e-01
1.695557677986309136e+04 5.699067529356971085e-35 1.107318121004011308e-01
1.733150901279934260e+04 5.963575692032076022e-35 1.099050327295298252e-01
1.771577626409539153e+04 6.240800673489746129e-35 1.090840211113178471e-01
1.810856333442790856e+04 6.524353332446118100e-35 1.083612792151235488e-01
1.851005912180000087e+04 6.816463514467297142e-35 1.077023615559076775e-01
1.892045671238532668e+04 7.117203794418443616e-35 1.069094395986164292e-01
1.933995347338659121e+04 7.423245907713804543e-35 1.061129701383234369e-01
1.976875114795276386e+04 7.738097578205828195e-35 1.053769996638699302e-01
2.020705595220083342e+04 8.067040705029613706e-35 1.046434802059233865e-01
2.065507867438864560e+04 8.404799526690140005e-35 1.039772419335160403e-01
2.111303477628656401e+04 8.748678827464506174e-35 1.033064193440659112e-01
2.158114449679671816e+04 9.104502773636266179e-35 1.025163189798946883e-01
2.205963295786965682e+04 9.471556151552012249e-35 1.017583659146792524e-01
2.254873027276932044e+04 9.848151662836380987e-35 1.010436666203833045e-01
2.304867165673844283e+04 1.024191940838447696e-34 1.003191461980587063e-01
2.355969754011762780e+04 1.064865214717872220e-34 9.959509539135967537e-02
2.408205368397218626e+04 1.106087623837455931e-34 9.878680664069149076e-02
2.461599129828314835e+04 1.149307178518944776e-34 9.795873864651495622e-02
2.516176716275820218e+04 1.194137208626473480e-34 9.714049912751931970e-02
2.571964375032151656e+04 1.239901099531933407e-34 9.637225588868564286e-02
2.628988935334142661e+04 1.288045815451494688e-34 9.557041974390416417e-02
2.687277821265680541e+04 1.337616439523708179e-34 9.466561277614610193e-02
2.746859064946418221e+04 1.389696774010021581e-34 9.371976668920127540e-02
2.807761320012897704e+04 1.444662871399027829e-34 9.273751859010323506e-02
2.870013875398572782e+04 1.500719391849476773e-34 9.180223159287809187e-02
2.933646669419356840e+04 1.559579237377470727e-34 9.083905529805254286e-02
2.998690304171470052e+04 1.620441427483586666e-34 8.982472919864931127e-02
3.065176060248508293e+04 1.683955700405437962e-34 8.876934318557826165e-02
3.133135911784816926e+04 1.751281641847083025e-34 8.767156557925470661e-02
3.202602541832393399e+04 1.821987413219482455e-34 8.655470698753434111e-02
3.273609358078729201e+04 1.895422218475824572e-34 8.544376473813496131e-02
3.346190508913133090e+04 1.972129946758094323e-34 8.430243043417112725e-02
3.420380899849275011e+04 2.051067984738903251e-34 8.315716226198463512e-02
3.496216210311845498e+04 2.134962637491607635e-34 8.197416334082868739e-02
3.573732910795394127e+04 2.224290243672700205e-34 8.075274721707806358e-02
3.652968280403619428e+04 2.317100079984884630e-34 7.954208933125943293e-02
3.733960424777520529e+04 2.414880326177056604e-34 7.831295141557385875e-02
3.816748294421053288e+04 2.513588818762011503e-34 7.713702978945900790e-02
3.901371703433090443e+04 2.618560749135094867e-34 7.593568346109330625e-02
3.987871348654699977e+04 2.730358248116329505e-34 7.471013046434173133e-02
4.076288829240953055e+04 2.848617649256835288e-34 7.347531750218369573e-02
4.166666666666666424e+04 2.972920964516040277e-34 7.224386927933221236e-02
4.259048325175702485e+04 3.097519849007868246e-34 7.109683713860819043e-02
4.353478232683670649e+04 3.228899729424544536e-34 6.995276304665648537e-02
4.450001802144064277e+04 3.368625690533392251e-34 6.880158671623991251e-02
4.548665453388129390e+04 3.517391874391495987e-34 6.764590875917639301e-02
4.649516635448949819e+04 3.673377153127734595e-34 6.651237871812736013e-02
4.752603849380500469e+04 3.831488547918506716e-34 6.545424286398078551e-02
4.857976671582629206e+04 3.994812251241665881e-34 6.444098172076781483e-02
4.965685777643191977e+04 4.168077887982245629e-34 6.343546281618714366e-02
5.075782966708811000e+04 4.352037244207889605e-34 6.244027172004585485e-02
5.188321186395965196e+04 4.546370690608629589e-34 6.146386983876531152e-02
5.303354558254405129e+04 4.744889281611717100e-34 6.054941179547949220e-02
5.420938403795136401e+04 4.945580686370757324e-34 5.970806679352344548e-02
5.541129271095438162e+04 5.157830694611578305e-34 5.888430488576774230e-02
5.663984961993861361e+04 5.382433378141520404e-34 5.808012025263646627e-02
5.789564559888077929e+04 5.620241516618995365e-34 5.729751842334577377e-02
5.917928458149102516e+04 5.866717980389165756e-34 5.655839615125433234e-02
6.049138389165495028e+04 6.110269475464699052e-34 5.590519087736296744e-02
6.183257454031525413e+04 6.366988644843775756e-34 5.527395185789633208e-02
6.320350152893555787e+04 6.637698348026820408e-34 5.466588863682315946e-02
6.460482415969271824e+04 6.923276128686982597e-34 5.408215859287204830e-02
6.603721635254641296e+04 7.223373026729406452e-34 5.352636802801018223e-02
6.750136696933880739e+04 7.517188888800699140e-34 5.304433541093724058e-02
6.899798014507991320e+04 7.823360921123894397e-34 5.258982300517652669e-02
7.052777562657816452e+04 8.145099572857668159e-34 5.215784791151346911e-02
7.209148911857907660e+04 8.483294691883513457e-34 5.174888391387462427e-02
7.368987263757758774e+04 8.838889638882579045e-34 5.136333595327306767e-02
7.532369487347657559e+04 9.192188604462307534e-34 5.102975893980554734e-02
7.699374155926225649e+04 9.552158261817200384e-34 5.072831940289910385e-02
7.870081584887685312e+04 9.929175369923719692e-34 5.044616573426934092e-02
8.044573870346888725e+04 1.032413133273319578e-33 5.018333709424865202e-02
8.222934928620753635e+04 1.073796625895320542e-33 4.993982248610309010e-02
8.405250536585043301e+04 1.115782195793865823e-33 4.972433423989663925e-02
8.591608372925930598e+04 1.157471857740669048e-33 4.953908611157770148e-02
8.782098060306174739e+04 1.201000281454878043e-33 4.936922745311180666e-02
8.976811208466193057e+04 1.246455794843652228e-33 4.921459770529953981e-02
9.175841458280741062e+04 1.293931135007341707e-33 4.907500613537576356e-02
9.379284526792410179e+04 1.343046472200575444e-33 4.895130388060840027e-02
9.587238253243583313e+04 1.391307001826800864e-33 4.884714637167123646e-02
9.799802646129005007e+04 1.441551703777064147e-33 4.875467246416410882e-02
