3.346190508913133272e+03 4.335962343023450578e-42 9.971395352573523496e+00
3.420380899849275920e+03 1.082349817901634654e-41 7.579053707608593982e+00
3.496216210311844861e+03 2.706253767617732155e-41 5.061376571626184706e+00
3.573732910795393764e+03 6.544744543338390927e-41 2.666184589629331469e+00
3.652968280403618792e+03 1.216591263469237196e-40 2.066523681227154352e+00
3.733960424777520529e+03 3.191497565656303030e-40 1.105283655140432364e+00
3.816748294421053743e+03 5.408357643727843002e-40 8.659786743882439408e-01
3.901371703433089806e+03 8.563474721992789714e-40 7.404694648483393093e-01
3.987871348654699432e+03 1.365842731464645402e-39 6.228292673021242898e-01
4.076288829240953419e+03 2.005084977474884043e-39 5.555297506218720427e-01
4.166666666666666060e+03 2.810232612978538189e-39 6.138761077457413062e-01
4.259048325175703212e+03 3.944205293031287113e-39 6.681304181287958111e-01
4.353478232683674833e+03 5.544931714340272343e-39 7.137530346829513705e-01
4.450001802144069188e+03 7.543596779122290690e-39 6.887421502014208219e-01
4.548665453388133756e+03 1.005128594923635568e-38 6.678484512282720775e-01
4.649516635448954730e+03 1.339869618142395263e-38 6.446559553253659036e-01
4.752603849380506290e+03 1.776060940717763537e-38 5.878235155390033606e-01
4.857976671582634481e+03 2.313208082893632496e-38 5.300322790469759182e-01
4.965685777643197071e+03 2.957809919339500685e-38 4.733894761599564682e-01
5.075782966708816275e+03 3.742939446396520564e-38 4.279880797465098752e-01
5.188321186395971381e+03 4.724886873409696383e-38 3.847710898555746217e-01
5.303354558254410222e+03 5.927167522943570381e-38 3.410532050144595706e-01
5.420938403795130398e+03 7.225911720922204804e-38 3.137926730136432751e-01
5.541129271095432159e+03 8.774313806270082219e-38 2.911576766089978285e-01
5.663984961993861361e+03 1.065907992277364113e-37 2.678912165417181579e-01
5.789564559888078293e+03 1.280841906544325306e-37 2.512775802307946060e-01
5.917928458149102880e+03 1.509963328383060258e-37 2.386383689550012899e-01
6.049138389165495028e+03 1.780771768568097892e-37 2.256925569684980204e-01
6.183257454031525413e+03 2.086746783543359878e-37 2.152880409840957909e-01
6.320350152893555787e+03 2.435070868928047376e-37 2.067010696096898692e-01
6.460482415969271642e+03 2.810659136007102435e-37 1.978889038247056975e-01
6.603721635254641114e+03 3.225921403861894253e-37 1.908213506270798610e-01
6.750136696933881467e+03 3.687487186151145765e-37 1.853020997981135454e-01
6.899798014507991866e+03 4.215560447499515553e-37 1.798203063227647724e-01
7.052777562657815906e+03 4.769292559816757229e-37 1.748537813171038846e-01
7.209148911857892017e+03 5.362310080737511579e-37 1.707334788589943975e-01
7.368987263757743676e+03 6.029873043306144248e-37 1.666143716241098582e-01
7.532369487347649738e+03 6.762814101081014708e-37 1.631075923489026525e-01
7.699374155926218009e+03 7.529551514512925209e-37 1.600771116257594939e-01
7.870081584887677309e+03 8.361384931590643081e-37 1.567647201511429833e-01
8.044573870346880540e+03 9.267677891934650753e-37 1.538559593559763183e-01
8.222934928620745268e+03 1.023612071458540895e-36 1.516792763429031243e-01
8.405250536585042937e+03 1.128719819829676411e-36 1.493094779477696643e-01
8.591608372925929871e+03 1.239545597021146566e-36 1.468803021833327282e-01
8.782098060306176194e+03 1.356343539095645238e-36 1.450741359025168875e-01
8.976811208466193420e+03 1.484231832270519788e-36 1.432754930218057277e-01
9.175841458280741790e+03 1.622681738926353418e-36 1.416539791051788511e-01
9.379284526792409451e+03 1.767253619190251862e-36 1.404963516862945405e-01
9.587238253243584040e+03 1.916906520498850820e-36 1.387750648596055292e-01
9.799802646129004643e+03 2.077915616510178948e-36 1.371719110586519519e-01
1.001707993129155875e+04 2.244792827721397713e-36 1.361415422867742753e-01
1.023917460108443083e+04 2.425169901111594138e-36 1.351120888216131855e-01
1.046619346462325848e+04 2.619287728285718237e-36 1.341304666589256955e-01
1.069824569915245775e+04 2.810684775245956201e-36 1.329661807653507999e-01
1.093544290255042870e+04 3.014868666660975833e-36 1.317328280222688774e-01
1.117789914699886322e+04 3.233615232343227730e-36 1.305186324931511266e-01
1.142573103384202295e+04 3.457536712712428448e-36 1.297053407769298838e-01
1.167905774966230092e+04 3.697106164372302857e-36 1.288924751030872951e-01
1.193800112359908962e+04 3.944745140794960553e-36 1.277444880517478731e-01
1.220268568593848795e+04 4.192702383626761516e-36 1.267927885029472013e-01
1.247323872800204117e+04 4.456300260849716362e-36 1.258489665657824275e-01
1.274979036336331592e+04 4.736736923745032592e-36 1.249068086771422115e-01
1.303247359042172320e+04 5.022988318198067894e-36 1.242403233917729333e-01
1.332142435636373375e+04 5.320067012224802680e-36 1.234341706336979372e-01
1.361678162254218842e+04 5.625929023007266773e-36 1.223760126111266833e-01
1.391868743130518305e+04 5.939236387792388674e-36 1.215372410913240636e-01
1.422728697430666944e+04 6.268477359460606367e-36 1.207371331102773671e-01
1.454272866233158129e+04 6.616296411185772893e-36 1.199401128939132505e-01
1.486516419666912043e+04 6.970461969016014934e-36 1.192684743090503818e-01
1.519474864206850725e+04 7.328341293477108447e-36 1.183589107580007571e-01
1.553164050131224030e+04 7.705100726329311695e-36 1.174536101996886267e-01
1.587600179144280446e+04 8.089475030187445049e-36 1.167162924937148738e-01
1.622799812167942400e+04 8.488760747655247174e-36 1.160416565452480897e-01
1.658779877306236813e+04 8.908186741279318234e-36 1.153698328470679213e-01
1.695557677986309136e+04 9.326311736296707903e-36 1.145720708013376749e-01
1.733150901279934260e+04 9.758142593081906378e-36 1.138029985113130638e-01
1.771577626409539153e+04 1.021079128622734230e-35 1.130361732293129196e-01
1.810856333442790856e+04 1.067418376881837550e-35 1.123637702909470182e-01
1.851005912180000087e+04 1.115196904276511108e-35 1.117509805637033338e-01
1.892045671238532668e+04 1.164289130711933498e-35 1.109992448623307593e-01
1.933995347338659121e+04 1.214213540614663300e-35 1.102423923602886824e-01
1.976875114795276386e+04 1.265621339959153655e-35 1.095434938272807773e-01
2.020705595220083342e+04 1.319376541462790305e-35 1.088406720552302087e-01
2.065507867438864560e+04 1.374658952913812724e-35 1.081999021588362919e-01
2.111303477628656401e+04 1.430790091135177253e-35 1.075613228927854298e-01
2.158114449679671816e+04 1.488447284832772338e-35 1.068198213983804074e-01
2.205963295786965682e+04 1.547898536046806153e-35 1.061107315779594717e-01
2.254873027276932044e+04 1.608877800687012558e-35 1.054458116990091010e-01
2.304867165673844283e+04 1.672601398743167451e-35 1.047691371775384822e-01
2.355969754011762780e+04 1.738289738784110585e-35 1.040964420399211054e-01
2.408205368397218626e+04 1.803962619801563975e-35 1.033749134585799923e-01
2.461599129828314835e+04 1.872524082232384183e-35 1.026424820259079218e-01
2.516176716275820218e+04 1.943281855249016748e-35 1.019326155388395883e-01
2.571964375032151656e+04 2.015064584492795862e-35 1.012909297124442720e-01
2.628988935334142661e+04 2.090094827028621379e-35 1.006298386873741291e-01
2.687277821265680541e+04 2.166334900371252826e-35 9.988621953881531013e-02
2.746859064946418221e+04 2.245657388096155605e-35 9.912156423058211818e-02
2.807761320012897704e+04 2.328530182147616010e-35 9.834229619841536318e-02
2.870013875398572782e+04 2.411903359835102225e-35 9.764261338180400818e-02
2.933646669419356840e+04 2.498246821342053147e-35 9.694511068692712730e-02
2.998690304171470052e+04 2.586555769471387139e-35 9.620119464603738013e-02
3.065176060248508293e+04 2.677606519568991916e-35 9.542837610791675418e-02
3.133135911784816926e+04 2.772695082668829475e-35 9.464019185415627200e-02
3.202602541832393399e+04 2.870802481871757788e-35 9.386502642799163243e-02
3.273609358078729201e+04 2.970511210170432559e-35 9.313463055534504376e-02
3.346190508913133090e+04 3.073273894220608761e-35 9.237759671232129155e-02
3.420380899849275011e+04 3.178127355613948678e-35 9.159767999451298714e-02
3.496216210311845498e+04 3.287571012272167491e-35 9.080361737883024809e-02
3.573732910795394127e+04 3.401890167503714895e-35 8.999463303162358319e-02
3.652968280403619428e+04 3.517477006414691819e-35 8.923433984233813954e-02
3.733960424777520529e+04 3.636783466209174943e-35 8.846960220200916769e-02
3.816748294421053288e+04 3.757102489681125938e-35 8.769765860367548238e-02
3.901371703433090443e+04 3.882577410771830972e-35 8.691370537554662934e-02
3.987871348654699977e+04 4.013513136723158104e-35 8.611734376334868879e-02
4.076288829240953055e+04 4.148680410440318058e-35 8.532808384124299095e-02
4.166666666666666424e+04 4.286687552752866471e-35 8.456351857700174224e-02
4.259048325175702485e+04 4.425357996314675677e-35 8.380591385215561961e-02
4.353478232683670649e+04 4.569151770291457922e-35 8.304174223811433553e-02
4.450001802144064277e+04 4.719020843855722008e-35 8.226847335228389124e-02
4.548665453388129390e+04 4.875307798510820825e-35 8.148603518079021446e-02
4.649516635448949819e+04 5.034315308605018303e-35 8.073179806794393565e-02
4.752603849380500469e+04 5.194778338787459309e-35 7.999527810098581992e-02
4.857976671582629206e+04 5.359138643080186734e-35 7.926439493651100954e-02
4.965685777643191977e+04 5.530198272841429943e-35 7.852787861389620705e-02
5.075782966708811000e+04 5.708310046558877536e-35 7.778584059675575091e-02
5.188321186395965196e+04 5.892070399634469729e-35 7.705077259421169722e-02
5.303354558254405129e+04 6.076869253147590714e-35 7.634657335487859964e-02
5.420938403795136401e+04 6.263742453489069779e-35 7.566138584394008215e-02
5.541129271095438162e+04 6.457923281657035849e-35 7.497363860955401360e-02
5.663984961993861361e+04 6.659770327747544332e-35 7.428353302687723536e-02
5.789564559888077929e+04 6.869662641428779638e-35 7.359129716667510424e-02
5.917928458149102516e+04 7.082229064691098759e-35 7.292381747318062157e-02
6.049138389165495028e+04 7.293775173187019332e-35 7.229206604683982573e-02
6.183257454031525413e+04 7.513227668523570504e-35 7.166035744320431444e-02
6.320350152893555787e+04 7.740947596694750170e-35 7.102891692122746681e-02
6.460482415969271824e+04 7.977314811347130225e-35 7.039798765067903363e-02
6.603721635254641296e+04 8.220700750785855650e-35 6.977450243794006135e-02
6.750136696933880739e+04 8.459715330520943857e-35 6.919745438817455352e-02
6.899798014507991320e+04 8.706016918065334826e-35 6.862648347391939185e-02
7.052777562657816452e+04 8.961146746348350620e-35 6.805765360107705886e-02
7.209148911857907660e+04 9.225482054051061297e-35 6.749118628641460893e-02
7.368987263757758774e+04 9.499418144018756795e-35 6.692731399951480642e-02
7.532369487347657559e+04 9.769762782700453612e-35 6.640590978247003229e-02
7.699374155926225649e+04 1.004402942386250436e-34 6.590278078772127124e-02
7.870081584887685312e+04 1.032762773775974462e-34 6.540297617110817086e-02
8.044573870346888725e+04 1.062092915546527826e-34 6.490667489436711957e-02
8.222934928620753635e+04 1.092432147091298735e-34 6.441406172278976716e-02
8.405250536585043301e+04 1.122966198896463130e-34 6.394450451563853111e-02
8.591608372925930598e+04 1.153157043452557278e-34 6.350844067349858957e-02
8.782098060306174739e+04 1.184320447230299977e-34 6.307610628870295721e-02
8.976811208466193057e+04 1.216492561769546789e-34 6.264764150207531579e-02
9.175841458280741062e+04 1.249711011626867308e-34 6.222318935517195254e-02
9.379284526792410179e+04 1.283802224703245088e-34 6.180716405891258092e-02
9.587238253243583313e+04 1.317662668516513918e-34 6.142149739280926973e-02
9.799802646129005007e+04 1.352564721538798180e-34 6.104061176767600072e-02
